[gd_scene load_steps=8 format=2]

[ext_resource path="res://Player/Player.tscn" type="PackedScene" id=1]

[sub_resource type="ProceduralSky" id=1]
sky_top_color = Color( 0.431373, 0.639216, 0.792157, 1 )
sky_horizon_color = Color( 0.0313726, 0.0784314, 0.117647, 1 )
sky_curve = 0.254558
sky_energy = 0.08
sun_latitude = 20.0

[sub_resource type="Environment" id=2]
background_mode = 2
background_sky = SubResource( 1 )
fog_enabled = true
ss_reflections_enabled = true
ssao_enabled = true

[sub_resource type="CubeMesh" id=4]
size = Vector3( 100, 2, 100 )

[sub_resource type="BoxShape" id=5]
extents = Vector3( 50, 1, 50 )

[sub_resource type="CubeMesh" id=6]
size = Vector3( 20, 20, 20 )

[sub_resource type="BoxShape" id=7]
extents = Vector3( 10, 10, 10 )

[node name="Level01" type="Spatial"]

[node name="DirectionalLight" type="DirectionalLight" parent="."]
transform = Transform( -1, -8.88178e-16, -8.74228e-08, -2.99004e-08, 0.939693, 0.34202, 8.21505e-08, 0.34202, -0.939693, 0, 0, 0 )
light_bake_mode = 2
shadow_enabled = true
directional_shadow_split_1 = 0.136
directional_shadow_split_2 = 0.293
directional_shadow_split_3 = 0.46
directional_shadow_blend_splits = true
directional_shadow_normal_bias = 1.97
directional_shadow_bias_split_scale = 0.19

[node name="WorldEnvironment" type="WorldEnvironment" parent="."]
environment = SubResource( 2 )

[node name="Player" parent="." instance=ExtResource( 1 )]

[node name="StaticBody" type="StaticBody" parent="."]
__meta__ = {
"_edit_group_": true
}

[node name="MeshInstance" type="MeshInstance" parent="StaticBody"]
mesh = SubResource( 4 )
material/0 = null

[node name="CollisionShape" type="CollisionShape" parent="StaticBody"]
shape = SubResource( 5 )

[node name="StaticBody2" type="StaticBody" parent="."]
transform = Transform( 1, 0, 0, 0, 1, 0, 0, 0, 1, -20, 11, 0 )
__meta__ = {
"_edit_group_": true
}

[node name="MeshInstance" type="MeshInstance" parent="StaticBody2"]
mesh = SubResource( 6 )
material/0 = null

[node name="CollisionShape" type="CollisionShape" parent="StaticBody2"]
shape = SubResource( 7 )

[node name="StaticBody3" type="StaticBody" parent="."]
transform = Transform( 0.906308, 0, 0.422618, 0, 1, 0, -0.422618, 0, 0.906308, -4.49157, 11, -30.9318 )
__meta__ = {
"_edit_group_": true
}

[node name="MeshInstance" type="MeshInstance" parent="StaticBody3"]
mesh = SubResource( 6 )
material/0 = null

[node name="CollisionShape" type="CollisionShape" parent="StaticBody3"]
shape = SubResource( 7 )

[node name="StaticBody4" type="StaticBody" parent="."]
transform = Transform( 1, 0, 0, 0, 1, 0, 0, 0, 1, 14, 11, 32 )
__meta__ = {
"_edit_group_": true
}

[node name="MeshInstance" type="MeshInstance" parent="StaticBody4"]
mesh = SubResource( 6 )
material/0 = null

[node name="CollisionShape" type="CollisionShape" parent="StaticBody4"]
shape = SubResource( 7 )

[node name="StaticBody5" type="StaticBody" parent="."]
transform = Transform( 0.906308, 0, 0.422618, 0, 1, 0, -0.422618, 0, 0.906308, 29.5084, 11, 1.06821 )
__meta__ = {
"_edit_group_": true
}

[node name="MeshInstance" type="MeshInstance" parent="StaticBody5"]
mesh = SubResource( 6 )
material/0 = null

[node name="CollisionShape" type="CollisionShape" parent="StaticBody5"]
shape = SubResource( 7 )
